BEGIN_CFG
 Size
    64
 Supercell
        10.860000      0.000000      0.000000
         0.000000     10.860000      0.000000
         0.000000      0.000000     10.860000
 AtomData:  id type       cartes_x      cartes_y      cartes_z           fx          fy          fz
             1   14      -0.007311      0.073345     -0.033601     0.480411   -0.402081   -0.402656
             2   14       0.047423      2.674050      2.644560    -1.030240    0.552161    0.262340
             3   14       2.758740     -0.023161      2.665310    -1.343190    0.177591    1.280210
             4   14       2.819370      2.714390     -0.065549    -0.272828    0.208021    0.523222
             5   14       1.440900      1.365550      1.282980    -0.088056   -0.082057    0.114351
             6   14       1.316620      4.064760      4.027340     0.301144   -0.204843    0.068475
             7   14       4.045830      1.376370      4.094700    -0.147797    0.340179   -0.376148
             8   14       4.033200      4.191810      1.409260     0.011117   -0.819113   -0.967582
             9   14       5.405220     -0.064333      0.021066    -0.112647   -0.255717    0.282963
            10   14       5.375990      2.724040      2.635270    -0.237834    0.035961    1.289380
            11   14       8.152420      0.014353      2.760950     1.557450    1.044220   -0.148100
            12   14       8.100030      2.739850     -0.008436    -0.073769   -0.699247    0.510887
            13   14       6.755920      1.294980      1.453860     0.126302    0.634368   -1.795480
            14   14       6.710480      4.044660      4.064100     0.311340    0.712111   -0.012357
            15   14       9.456830      1.492630      4.188530     1.169830   -1.734330   -1.467830
            16   14       9.473140      4.120460      1.326550     0.528922   -0.100113    0.386705
            17   14       0.050469      5.480050     -0.038459     0.315999   -1.385900    0.810106
            18   14      -0.076265      8.151260      2.724970     0.607834    0.259233    0.516666
            19   14       2.679260      5.493320      2.787530    -0.042632    0.093298   -0.240942
            20   14       2.738440      8.027340     -0.092739    -1.268700    0.923045    0.994595
            21   14       1.292040      6.832700      1.428180     0.917996   -0.335663   -0.977070
            22   14       1.314430      9.461890      4.091920     0.800033    0.521751   -0.428303
            23   14       4.133790      6.796320      4.093600    -0.839852    0.333887   -0.082806
            24   14       3.966750      9.402870      1.389130     1.596780   -0.157256   -1.150120
            25   14       5.392750      5.482140     -0.003728     0.553250   -0.712469    0.192215
            26   14       5.447680      8.118750      2.713900     0.822930    0.666964   -0.082902
            27   14       8.114330      5.479150      2.780470     0.463736   -0.624667   -0.329013
            28   14       8.166380      8.137370     -0.024426     1.216180    0.270797    0.715505
            29   14       6.835680      6.768320      1.296000    -0.646944    0.561160    0.840735
            30   14       6.883970      9.586450      4.063240    -1.448140   -1.848890    0.873977
            31   14       9.555570      6.784890      4.154010    -0.955492   -0.118404   -1.075620
            32   14       9.575830      9.576350      1.367360    -1.420320   -0.438033   -0.398964
            33   14       0.005093     -0.017034      5.473780    -0.399901    0.635657    0.124979
            34   14       0.069166      2.782990      8.174500    -1.031000   -0.904367   -0.787277
            35   14       2.712400     -0.057969      8.078370    -1.013390    0.573577    0.815090
            36   14       2.643830      2.774180      5.459940     1.347750   -0.141723   -0.714955
            37   14       1.410420      1.393270      6.789920    -1.051590   -0.531215    0.284385
            38   14       1.446570      4.058070      9.462530    -0.067409    0.824710    1.039730
            39   14       4.039010      1.234610      9.428500     1.273250    1.115070    0.301297
            40   14       4.179350      4.022450      6.778720    -1.436890    1.212600   -0.505617
            41   14       5.458780      0.061030      5.432540    -0.640224   -1.083180   -0.230978
            42   14       5.448920      2.709830      8.091820     0.253612   -1.102390    1.294830
            43   14       8.063170      0.018470      8.102790     1.364670   -0.339059    0.414367
            44   14       8.101550      2.775360      5.465810    -0.573299    0.163601    0.046025
            45   14       6.793520      1.355160      6.738750    -0.169086    0.697236    0.422218
            46   14       6.757550      4.100910      9.512920    -0.699595   -0.449908   -0.055832
            47   14       9.464750      1.389650      9.443530     0.090651    0.266394    0.227524
            48   14       9.420640      4.069950      6.840900     1.103880   -0.025277   -0.373820
            49   14      -0.047878      5.334850      5.378170     0.287474    0.211177    1.404680
            50   14      -0.032205      8.094070      8.134720     0.893135   -0.627086    0.744561
            51   14       2.824950      5.410870      8.175180    -0.942421   -0.976796   -1.643600
            52   14       2.750700      8.129650      5.447530    -0.538842   -0.112253    0.437109
            53   14       1.336790      6.677920      6.796380     0.482267    0.481613   -0.342947
            54   14       1.342620      9.491330      9.469190    -0.009831   -0.320678    0.179550
            55   14       4.087720      6.719700      9.450600     0.788489    1.256940    0.326721
            56   14       4.073850      9.529100      6.858760     0.760894   -0.482607   -1.973270
            57   14       5.437740      5.501940      5.442640     0.129962   -1.421560   -0.177218
            58   14       5.415470      8.173670      8.156270     0.683291   -0.394663    0.412739
            59   14       8.046640      5.400640      8.111960     1.006990    0.761386    1.054610
            60   14       8.194030      8.108650      5.454780    -0.483497    0.864166    0.281369
            61   14       6.762810      6.787360      6.788840     0.165220    0.837294    0.080808
            62   14       6.861040      9.494660      9.526630    -1.393130    0.093146   -0.348902
            63   14       9.526960      6.718390      9.536040    -1.186380    0.608795   -1.323010
            64   14       9.528160      9.453360      6.879160    -0.847861    0.893438   -1.141610
 Energy
          0.000000000000
 Feature   ID	0
 Feature   MV_grade	1.000000
END_CFG

BEGIN_CFG
 Size
    64
 Supercell
        10.860000      0.000000      0.000000
         0.000000     10.860000      0.000000
         0.000000      0.000000     10.860000
 AtomData:  id type       cartes_x      cartes_y      cartes_z           fx          fy          fz
             1   14      -0.090776     -0.003359      0.067059     0.640899    0.646152   -0.280350
             2   14      -0.042736      2.804430      2.697490    -0.638293    0.154449    0.450737
             3   14       2.691940      0.037851      2.729890    -0.795507    0.072623   -0.202755
             4   14       2.674020      2.699080      0.069135     0.308316    0.776037   -0.270816
             5   14       1.273290      1.458970      1.435200     0.316889   -1.588530   -0.726100
             6   14       1.420380      4.030350      4.041990    -0.263841    0.594035    0.555202
             7   14       4.059910      1.269430      4.075660    -0.013347    1.066430    0.617530
             8   14       4.192910      4.002920      1.401640    -0.400750   -0.516599   -0.126431
             9   14       5.446960      0.115681      0.033720    -0.221112   -1.185740    0.651779
            10   14       5.519200      2.661950      2.877110    -0.246689   -0.144207   -1.483160
            11   14       8.165630     -0.053968      2.697610     0.629445    0.540796    0.230445
            12   14       8.185250      2.744640     -0.058386    -0.556483   -0.434250    0.384619
            13   14       6.881490      1.356370      1.398970    -0.414718    0.845999   -0.246246
            14   14       6.870040      4.074400      4.100140     0.250196   -0.219731    0.936008
            15   14       9.516210      1.353540      4.046490     0.905568   -0.862116   -0.537171
            16   14       9.447960      4.147800      1.301890     0.767645   -0.668437    0.060863
            17   14      -0.061436      5.479460     -0.033347     1.157770   -0.375640    0.513525
            18   14       0.055641      8.245080      2.734670    -0.471664   -2.050930   -0.500425
            19   14       2.783590      5.360970      2.651950    -0.465865    0.338368    0.180514
            20   14       2.753650      8.171880      0.088492    -0.762720    0.445473   -0.356662
            21   14       1.373200      6.779980      1.366230    -0.270988    0.053751    0.166894
            22   14       1.380020      9.493520      4.061650     0.698141    0.552900    0.209085
            23   14       4.082680      6.789760      3.959820    -0.753472   -0.364130    0.978478
            24   14       4.061440      9.582850      1.437290     0.406853    0.125397   -1.115660
            25   14       5.455930      5.407790      0.026884     0.163713   -0.268987    0.223833
            26   14       5.370760      8.188120      2.726650     1.533650    0.178611   -0.282253
            27   14       8.190940      5.424110      2.710440    -0.753271    0.310097    0.047200
            28   14       8.044550      8.200300      0.008327     1.006730   -1.274270   -0.127420
            29   14       6.770910      6.767020      1.398990    -0.118538    0.611594   -0.017158
            30   14       6.829330      9.540780      4.062420    -0.575317   -1.284300   -0.069209
            31   14       9.543000      6.770680      4.018690     1.003890    0.036461    0.049099
            32   14       9.492270      9.428280      1.376630    -0.417968    0.706460   -0.233961
            33   14       0.085547     -0.012341      5.388660    -1.223870    0.346422    0.506569
            34   14       0.055079      2.716200      8.189320    -1.106510   -0.180458   -0.576727
            35   14       2.677670      0.006923      8.102230     0.289106   -0.597112    0.578561
            36   14       2.703520      2.645820      5.466020     0.667140    0.643728   -1.046690
            37   14       1.337460      1.411790      6.788580     0.010683   -1.093380    0.190225
            38   14       1.316890      4.072300      9.503540     0.736643    0.518433    0.908242
            39   14       4.012250      1.331170      9.577010     0.173782    0.968335   -1.412170
            40   14       4.067240      4.090000      6.715300    -0.727541    0.424530    0.943732
            41   14       5.395110     -0.060160      5.383690     0.223777   -0.311959    0.503005
            42   14       5.395780      2.760280      8.110050    -0.090229   -1.286850    0.281778
            43   14       8.095950      0.026322      8.138700     0.362580   -1.096080   -0.510831
            44   14       8.242240      2.581510      5.451170    -1.360710    1.345950    0.103751
            45   14       6.744020      1.276230      6.730220    -0.192005    1.044430    0.510927
            46   14       6.774240      4.069560      9.486420     0.272875    0.342135   -0.493342
            47   14       9.485510      1.341720      9.447030     0.358750    0.188980    0.644042
            48   14       9.526920      4.016930      6.794830     0.660873    0.474451   -0.405285
            49   14       0.081582      5.468620      5.441760    -0.590544   -1.000480   -0.229563
            50   14      -0.001513      8.243770      8.167430    -0.059303   -1.285130   -0.320717
            51   14       2.686080      5.480720      8.193860     0.808001   -1.160580   -0.155905
            52   14       2.691880      8.089200      5.369220     0.472249   -0.094195    0.309259
            53   14       1.384330      6.800370      6.847030    -0.522185    0.849641   -0.308948
            54   14       1.301580      9.523460      9.559960     1.040350    0.441371    0.245289
            55   14       4.038220      6.746970      9.642850     0.700381    0.941804   -1.521140
            56   14       4.072520      9.417120      6.746980    -0.934678    0.996782   -0.121052
            57   14       5.386280      5.456780      5.364480     0.549341   -0.416005   -0.301418
            58   14       5.405270      8.167570      8.119250     0.043297   -1.116410    1.216010
            59   14       8.125330      5.420100      8.044660     0.141212    0.303596    1.006620
            60   14       8.164880      8.041110      5.331530    -0.313567    1.257400    0.754058
            61   14       6.735750      6.787520      6.706090     0.241398    0.089075    0.451283
            62   14       6.731990      9.555680      9.532840    -0.231382    0.160435   -0.616528
            63   14       9.526700      6.803980      9.497380    -1.704660    0.842317   -0.763287
            64   14       9.495550      9.472080      6.730510    -0.344404    0.641037   -0.049779
 Energy
          0.000000000000
 Feature   ID	1
 Feature   MV_grade	1.000000
END_CFG

BEGIN_CFG
 Size
    64
 Supercell
        10.860000      0.000000      0.000000
         0.000000     10.860000      0.000000
         0.000000      0.000000     10.860000
 AtomData:  id type       cartes_x      cartes_y      cartes_z           fx          fy          fz
             1   14       0.025707     -0.047948      0.049173     0.399411    0.909263   -0.896435
             2   14       0.038171      2.554660      2.687770    -0.055991    2.245300    0.680701
             3   14       2.756060     -0.065170      2.796010    -0.223473    0.616724   -1.524980
             4   14       2.752900      2.816550      0.003467     0.106200   -0.425125    0.268366
             5   14       1.423140      1.355710      1.323510     0.702173   -0.967656    0.248200
             6   14       1.390160      4.097080      4.075970    -1.113660   -1.905390    0.190133
             7   14       4.038030      1.382340      4.079440    -0.272769   -0.070762    0.237734
             8   14       4.057390      4.222970      1.423560     0.119046   -1.406590   -0.223098
             9   14       5.410660     -0.018000      0.034672     0.223843   -0.688198   -0.430479
            10   14       5.364320      2.661530      2.729140     0.008109    0.363040   -1.634630
            11   14       8.141690     -0.049478      2.739900    -0.022752    1.153470    0.054144
            12   14       8.143250      2.652570     -0.022331    -0.162022    1.271640    0.294201
            13   14       6.804910      1.330660      1.346630    -0.447174   -0.134468    0.655754
            14   14       6.682440      4.015970      3.975550     1.380330   -0.076928    1.795640
            15   14       9.508220      1.360090      4.107340    -0.004552   -0.773025   -0.325250
            16   14       9.499450      4.039570      1.404660    -0.095036   -0.892529   -0.006991
            17   14       0.028911      5.348090      0.062765    -0.038367    0.383457   -0.641827
            18   14      -0.020971      8.141020      2.688520    -0.255873    0.270615    0.122455
            19   14       2.636640      5.438190      2.788030     1.322390    1.302030   -0.354144
            20   14       2.652890      8.130150     -0.053163     0.635136    0.133311    0.830377
            21   14       1.363540      6.756320      1.379660    -0.478167    0.332022   -0.334522
            22   14       1.318700      9.534240      4.060260     0.074764   -0.779338    0.249643
            23   14       4.054900      6.879280      4.070870    -0.427985   -1.104310    0.621775
            24   14       4.085650      9.387590      1.391610    -0.256908    0.638347   -0.304454
            25   14       5.397090      5.512930      0.009313     0.049567   -0.198813   -0.127912
            26   14       5.493650      8.055940      2.709380    -0.666638    1.558930    0.522708
            27   14       8.118260      5.377460      2.784040    -0.119699    0.756315   -1.231570
            28   14       8.157840      8.072800     -0.021192     0.524215    0.611769    0.131350
            29   14       6.776380      6.818390      1.352180     1.120640   -1.536950    0.074321
            30   14       6.773040      9.511130      4.070500    -0.430817   -0.319882   -0.171371
            31   14       9.460820      6.809730      4.086190     0.677363   -0.719719   -0.292117
            32   14       9.463260      9.554080      1.341360     0.202133   -1.605350    0.057057
            33   14       0.040570      0.013319      5.431530    -0.932025    0.009335    0.277789
            34   14      -0.050096      2.727640      8.126200     0.901900    0.212515    0.149308
            35   14       2.741400      0.009329      8.120040     0.076662    0.734438   -0.199585
            36   14       2.775620      2.769830      5.472910    -0.335209    0.191198   -0.245274
            37   14       1.361260      1.412060      6.755740     0.232410   -0.274696    0.577540
            38   14       1.384570      4.070710      9.459390    -0.723312   -0.058520    0.353717
            39   14       4.061170      1.372300      9.528930     0.193271   -0.080930   -0.105243
            40   14       4.159100      4.108260      6.833690    -1.017380   -0.031050   -0.016975
            41   14       5.402280      0.069731      5.366920     0.557948   -0.834175    0.244715
            42   14       5.448800      2.667340      8.128940     0.055545    0.029738    0.166912
            43   14       8.215760      0.069472      8.146260    -1.069330   -0.848493    0.222967
            44   14       8.203770      2.751890      5.441530    -1.427330    0.130432   -0.526908
            45   14       6.800440      1.324660      6.719580     0.439561    0.776130    0.594813
            46   14       6.703380      4.080670      9.518440     0.818266   -0.327769    0.293086
            47   14       9.567830      1.375670      9.533920    -0.048132   -0.570813    0.037933
            48   14       9.451810      4.125300      6.853300     0.528483   -0.373902   -0.691432
            49   14      -0.017105      5.378480      5.411210    -0.594739    0.431014   -0.146859
            50   14      -0.023830      8.151950      8.137120     0.579137   -0.397411   -0.778324
            51   14       2.670800      5.468650      8.139260     1.335920   -0.140190   -0.140488
            52   14       2.682830      8.234560      5.478070     0.539625   -0.288539   -0.753405
            53   14       1.382460      6.712770      6.673460    -0.917404    1.361470    1.343310
            54   14       1.402700      9.549550      9.462640    -1.017160   -0.603797    0.081030
            55   14       4.079000      6.865320      9.482120    -0.425538   -0.557170   -0.443475
            56   14       4.149790      9.554350      6.775490    -0.861124    0.138106   -0.258618
            57   14       5.422530      5.395410      5.376170     0.209958    1.170040    0.403084
            58   14       5.440620      8.165310      8.080850     0.176164    0.073213    0.856199
            59   14       8.118970      5.429700      8.192420    -0.422901   -0.021780    0.171354
            60   14       8.111790      8.136490      5.385210    -0.323003    0.190851    0.860239
            61   14       6.797670      6.791780      6.830950    -0.154928   -0.560143   -1.324020
            62   14       6.824120      9.443020      9.493910    -0.148486    1.175610   -0.181143
            63   14       9.546870      6.704720      9.500100     0.082971    0.438070    0.516269
            64   14       9.426000      9.513330      6.748920     1.216750   -0.033993    0.126699
 Energy
          0.000000000000
 Feature   ID	2
 Feature   MV_grade	1.000000
END_CFG

BEGIN_CFG
 Size
    64
 Supercell
        10.860000      0.000000      0.000000
         0.000000     10.860000      0.000000
         0.000000      0.000000     10.860000
 AtomData:  id type       cartes_x      cartes_y      cartes_z           fx          fy          fz
             1   14      -0.009615      0.094085     -0.075416    -0.372439   -0.811116    0.238059
             2   14      -0.039992      2.807100      2.618510     0.053215   -0.868812    1.107680
             3   14       2.660010      0.010533      2.645150     0.103909   -0.405657    1.059660
             4   14       2.816420      2.647270     -0.019541    -0.530988    0.602339    0.618821
             5   14       1.316590      1.402240      1.341710     0.363737    0.128199   -0.559742
             6   14       1.363600      4.079610      4.010130     0.018441    0.153566    0.632602
             7   14       4.047530      1.290670      4.111460    -0.116120    0.836069   -0.594852
             8   14       4.134180      4.064040      1.362870    -0.553246   -0.005742    0.013187
             9   14       5.387150      0.015071     -0.015474     0.761366   -0.562984    1.276510
            10   14       5.450310      2.763280      2.785010     0.028467   -1.149580   -0.146941
            11   14       8.237820      0.037135      2.700430    -0.043385   -0.135614   -0.130933
            12   14       8.082960      2.727810     -0.069024    -0.336038   -0.201830    0.488184
            13   14       6.805310      1.325110      1.378200    -0.532125    0.829272   -0.175299
            14   14       6.802470      4.123640      4.124920     1.005640   -0.649988   -0.144994
            15   14       9.500270      1.418780      4.099800     0.858822   -0.239464   -0.433816
            16   14       9.451930      4.057070      1.269230     0.526828    0.822213   -0.612884
            17   14       0.008468      5.472810     -0.074889    -0.686201   -0.519840    0.462483
            18   14      -0.041176      8.206710      2.742380     0.322851   -1.675060    0.273467
            19   14       2.742950      5.459660      2.695650    -0.281141   -0.686293   -0.430876
            20   14       2.739810      8.115370     -0.032070    -1.254050    0.162296    0.644808
            21   14       1.301020      6.767140      1.359570     0.539650    0.977450    0.039003
            22   14       1.363740      9.462290      4.111490    -0.399119    1.175500   -0.054319
            23   14       4.082240      6.742360      4.064890     0.035055    1.082630   -0.368702
            24   14       4.026600      9.487840      1.331560     0.296568    0.429864   -0.059668
            25   14       5.433120      5.431520     -0.005994     0.424396   -0.011611    0.258336
            26   14       5.413850      8.210640      2.718520     0.667377   -0.743796    0.159043
            27   14       8.225790      5.425760      2.683640    -1.217710   -0.696515    0.287502
            28   14       8.112050      8.179930     -0.101018     1.036210   -0.998004    1.887550
            29   14       6.816980      6.763270      1.384610    -0.272223    0.957420   -0.585999
            30   14       6.922000      9.535510      4.036640    -0.915449   -0.644118    0.714255
            31   14       9.501920      6.677120      4.098130     0.950480    1.474650    0.073376
            32   14       9.548440      9.494200      1.339410    -0.606170    0.755199   -1.096450
            33   14      -0.019080      0.051978      5.516450     0.552070   -0.624193   -0.476761
            34   14       0.066828      2.765980      8.212210    -0.410158    0.093236    0.035896
            35   14       2.690020     -0.053713      8.122090     0.350081    0.517457    0.837561
            36   14       2.659720      2.701170      5.462190     0.816899    0.187055   -0.821778
            37   14       1.406200      1.376350      6.870480    -1.022420   -0.010669   -0.368513
            38   14       1.479820      4.125640      9.567780    -0.419345   -0.674012   -0.506417
            39   14       4.109540      1.273100      9.487010    -0.887481    0.528020   -0.780166
            40   14       4.114080      4.075740      6.720600    -0.744501   -0.241517    0.616803
            41   14       5.441730     -0.044027      5.427870     0.017685   -0.200639    0.364898
            42   14       5.384540      2.709610      8.160620     0.001862    0.113488   -0.323490
            43   14       8.077250     -0.054600      8.083390     0.515901    0.565200    0.810017
            44   14       8.144450      2.623390      5.518350    -0.288008    1.915440   -0.567789
            45   14       6.735980      1.381510      6.827020    -0.302135   -1.049730   -0.350923
            46   14       6.744240      4.084670      9.444440    -0.252978   -0.077502    0.523345
            47   14       9.401640      1.407940      9.430580     0.769818   -0.548158   -0.156910
            48   14       9.469540      4.075000      6.862010     1.054530   -0.439297   -1.005020
            49   14       0.071104      5.438620      5.485400    -0.973743   -1.075690   -0.225999
            50   14       0.000289      8.118810      8.176960     0.277608    0.243612    0.282467
            51   14       2.760020      5.428710      8.120350     0.403490   -0.046507    0.363065
            52   14       2.683620      8.044480      5.415330     0.064047    0.350318    0.811104
            53   14       1.319240      6.764640      6.894520     0.920858    0.180297   -1.029040
            54   14       1.351680      9.493920      9.480100    -0.084063    0.017577    0.587043
            55   14       4.073540      6.781250      9.542290     0.591353    0.024885   -1.013610
            56   14       3.991650      9.473100      6.815770     1.161510   -0.584552   -0.928577
            57   14       5.416320      5.459810      5.406860     0.638731    0.120144    0.508610
            58   14       5.460470      8.199160      8.200520    -0.671741   -0.334333   -0.079039
            59   14       8.065080      5.398040      8.085030     0.395640    0.818991    0.609482
            60   14       8.188950      8.071110      5.468730     0.228311    0.878462   -0.483607
            61   14       6.770310      6.828350      6.794180    -0.570440   -0.352453   -0.069766
            62   14       6.796510      9.551090      9.577770    -0.771532    0.258988   -1.323130
            63   14       9.468670      6.791910      9.408360    -0.493707   -0.478808    0.588786
            64   14       9.551320      9.441680      6.874270    -0.744757    0.544268   -1.267600
 Energy
          0.000000000000
 Feature   ID	3
 Feature   MV_grade	1.000000
END_CFG

BEGIN_CFG
 Size
    64
 Supercell
        10.860000      0.000000      0.000000
         0.000000     10.860000      0.000000
         0.000000      0.000000     10.860000
 AtomData:  id type       cartes_x      cartes_y      cartes_z           fx          fy          fz
             1   14      -0.013486      0.015386     -0.132658    -0.365664    0.951890    1.350880
             2   14      -0.013702      2.712080      2.702530    -0.657713   -0.051860   -1.057360
             3   14       2.651020     -0.014591      2.676890     0.194016    0.487011    0.337860
             4   14       2.869030      2.558620     -0.030795    -0.803835    2.173670    0.258575
             5   14       1.346020      1.388310      1.263820    -0.224120   -0.840066    0.494585
             6   14       1.266560      4.023510      4.035260     1.048500    0.757233    0.373062
             7   14       4.123390      1.385720      4.011720    -0.918512   -1.183190   -0.018426
             8   14       4.058650      4.138290      1.374950    -0.829037   -0.869239   -0.651186
             9   14       5.422170     -0.086712     -0.030385     0.206923    0.595761    0.965171
            10   14       5.366070      2.745470      2.620520     1.083780    0.361394    1.294710
            11   14       8.220550      0.060130      2.734320    -0.210511    0.327719   -0.856399
            12   14       8.071270      2.726310     -0.035207     0.098292   -0.380852    0.823977
            13   14       6.711210      1.329500      1.369790     0.823206   -0.037135   -0.624197
            14   14       6.780330      4.107390      4.052990    -0.634494   -0.346244    0.435312
            15   14       9.495490      1.441430      4.115590     0.315163   -0.616908    0.347507
            16   14       9.426830      4.085810      1.343930     1.097460   -0.782959   -0.524845
            17   14      -0.009879      5.424190     -0.016308    -0.300314    0.496147    0.455300
            18   14      -0.045263      8.125260      2.713820     0.030383    0.080789   -0.143226
            19   14       2.653060      5.457930      2.709550    -0.295406   -0.149898   -0.003698
            20   14       2.711530      8.083570     -0.065122     0.162258    1.245140    0.318846
            21   14       1.350180      6.871580      1.310350    -0.534823   -1.361210    0.494689
            22   14       1.302280      9.448460      4.053420     0.155076    0.856320    0.630833
            23   14       4.021750      6.786520      4.073620     0.848552    0.141026   -0.188116
            24   14       4.015860      9.502710      1.341040     0.215533   -0.687685   -0.135454
            25   14       5.439670      5.392930      0.046235     0.835504    0.184963   -0.564097
            26   14       5.432620      8.196380      2.749860     0.330266   -0.436645   -0.417038
            27   14       8.141300      5.388240      2.675730     0.326643    0.874687    1.410540
            28   14       8.259060      8.225870      0.054661    -1.212030   -1.276850   -0.187522
            29   14       6.846120      6.744840      1.368230    -0.579581    1.494590   -0.156892
            30   14       6.867770      9.614470      4.054850    -0.367122   -1.457700    0.525903
            31   14       9.500610      6.767040      4.142010    -0.614856   -0.029055   -0.917422
            32   14       9.581720      9.567000      1.318210    -0.054860    0.359157    0.990445
            33   14      -0.026690      0.013124      5.504680     0.223570   -0.158418   -1.025380
            34   14       0.020991      2.700980      8.165460     0.316939    0.595626    0.783115
            35   14       2.685230     -0.041650      8.188210     0.161074    0.173281   -0.069234
            36   14       2.667210      2.631190      5.338200     0.350350    0.980491    1.087940
            37   14       1.343660      1.330580      6.843640     0.500445    0.090933   -0.533865
            38   14       1.420720      4.087330      9.581270     0.228178   -1.285390   -0.624741
            39   14       4.186320      1.272110      9.450120    -1.037390   -0.604286    0.113606
            40   14       4.081580      4.080790      6.753740    -0.209311   -0.740944   -0.271677
            41   14       5.431250     -0.025722      5.422430    -0.342035    0.540314    0.036421
            42   14       5.408370      2.670290      8.154340     0.542983    0.668068   -1.302870
            43   14       8.084100     -0.008778      8.203370     0.716030    0.594931   -1.258220
            44   14       8.134310      2.753930      5.496700     0.569777    0.972619   -0.894922
            45   14       6.791270      1.399150      6.714430    -0.544266   -1.124190    1.478000
            46   14       6.771510      4.036740      9.453020    -0.940667    0.247213    0.725035
            47   14       9.436010      1.406300      9.484350     0.263106   -0.311111   -0.177669
            48   14       9.565870      4.092080      6.859780    -1.200500   -0.355069   -0.224506
            49   14      -0.032022      5.386040      5.444830     0.573713    0.222753   -0.078444
            50   14       0.126740      8.063520      8.134840    -2.095220    0.686935    0.502967
            51   14       2.770660      5.400860      8.167280    -0.470699    0.483309   -0.243288
            52   14       2.695190      8.100470      5.410270    -0.235058    0.700653    0.397754
            53   14       1.345690      6.758500      6.761440     1.159200   -1.097230   -0.059357
            54   14       1.279750      9.493650      9.520140     1.733210   -0.752910   -0.607359
            55   14       4.142910      6.744350      9.544930    -0.151674    0.336402   -0.777496
            56   14       4.031760      9.478370      6.832230     0.225995    0.058761   -0.748211
            57   14       5.461010      5.551350      5.490500    -0.324622   -1.103280   -1.031070
            58   14       5.455210      8.213490      8.195250     0.198990   -0.797083    0.089420
            59   14       8.056460      5.395140      8.134250     1.321220    0.847010    0.022346
            60   14       8.188660      8.196860      5.490650     0.078861    0.353578   -0.836409
            61   14       6.833610      6.871660      6.793250    -0.582834    0.038180    0.750204
            62   14       6.850900      9.510600      9.581950    -0.387626   -0.605853   -0.355112
            63   14       9.461510      6.808050      9.491520     0.584254   -0.519572   -0.351123
            64   14       9.560460      9.494960      6.869520    -0.394684   -0.015724    0.421815
 Energy
          0.000000000000
 Feature   ID	4
 Feature   MV_grade	1.000000
END_CFG

BEGIN_CFG
 Size
    64
 Supercell
        10.860000      0.000000      0.000000
         0.000000     10.860000      0.000000
         0.000000      0.000000     10.860000
 AtomData:  id type       cartes_x      cartes_y      cartes_z           fx          fy          fz
             1   14       0.013101      0.041669     -0.115371    -0.577988    0.332763    0.829026
             2   14      -0.007990      2.686240      2.717820    -0.415920    0.313411   -1.749470
             3   14       2.663230     -0.038858      2.681120    -0.042816    0.831182    0.194460
             4   14       2.873350      2.626730     -0.025309    -0.942053    1.007190   -0.293035
             5   14       1.342990      1.389990      1.245330     0.431826   -0.551891    0.949052
             6   14       1.278950      3.996200      4.022100     1.113290    1.068300    0.757897
             7   14       4.088280      1.409110      4.012620    -0.169833   -1.644230   -0.001336
             8   14       4.025280      4.162050      1.373290     0.116688   -0.887353   -0.437672
             9   14       5.413400     -0.104494     -0.027997    -0.091041    0.770096    0.759478
            10   14       5.363720      2.728340      2.610630     0.751973    0.733575    1.105820
            11   14       8.196160      0.075880      2.777320    -0.077505    0.210953   -1.481450
            12   14       8.061410      2.760000     -0.033196     0.562889   -1.129270    0.718070
            13   14       6.697860      1.328360      1.335830     1.028560   -0.041309   -0.165162
            14   14       6.791260      4.084760      4.052920    -1.258790   -0.092725    0.332085
            15   14       9.535100      1.448610      4.098980    -0.423623   -0.815051    1.127880
            16   14       9.449250      4.089040      1.334300     0.694450   -0.696792    0.041067
            17   14      -0.008134      5.423370     -0.019650     0.053015    0.194797    0.380358
            18   14      -0.028629      8.118140      2.688560    -0.109107    0.710103    0.153524
            19   14       2.658050      5.453480      2.714090    -0.499536    0.312004    0.145025
            20   14       2.690370      8.078110     -0.063642     0.686150    1.282280   -0.053062
            21   14       1.351930      6.865080      1.282610    -0.539895   -1.593080    0.952288
            22   14       1.298290      9.480730      4.096590     0.209141    0.156423    0.025695
            23   14       4.045770      6.811450      4.076220     0.487850   -0.308354   -0.021284
            24   14       4.034110      9.472180      1.348800    -0.037743   -0.620400   -0.143918
            25   14       5.423130      5.445260      0.059457     0.882394   -0.489748   -0.910842
            26   14       5.448430      8.168930      2.749060     0.379188   -0.028236   -0.455714
            27   14       8.107010      5.375140      2.689680     0.955905    1.400320    0.820185
            28   14       8.244900      8.186290      0.052872    -0.467303   -0.612510   -0.572778
            29   14       6.852180      6.792510      1.335410    -0.636698    0.508825    0.657094
            30   14       6.867950      9.579790      4.067960    -0.625678   -0.783609    0.423542
            31   14       9.507760      6.800140      4.156730    -0.544523   -0.660318   -1.039780
            32   14       9.558180      9.599280      1.299130    -0.015710   -0.052030    1.303680
            33   14      -0.035023     -0.003508      5.526340     0.070458    0.044766   -1.443750
            34   14       0.014948      2.741880      8.198560     0.188679   -0.225372   -0.420383
            35   14       2.697460     -0.014255      8.217240    -0.340612   -0.977253   -1.023720
            36   14       2.724220      2.677430      5.357260    -0.739653    0.112069    1.035310
            37   14       1.332590      1.282560      6.822760     0.793248    1.490340    0.091374
            38   14       1.404830      4.079390      9.554220     0.394416   -0.795185    0.058979
            39   14       4.159580      1.243390      9.416490    -0.492359    0.365015    1.239580
            40   14       4.118610      4.017010      6.761010    -0.630767    0.816786   -0.040938
            41   14       5.459640     -0.002099      5.440280    -1.042810    0.039775   -0.463257
            42   14       5.394440      2.647090      8.129340     0.728764    0.418708   -0.557635
            43   14       8.075880     -0.000306      8.189070     0.732384    0.152165   -0.822876
            44   14       8.134250      2.788460      5.473190     0.617630    0.045922   -0.410930
            45   14       6.767070      1.403080      6.725090     0.386599   -0.680788    1.034050
            46   14       6.754310      4.004560      9.453940    -0.835133    1.429860    0.254501
            47   14       9.459350      1.394610      9.487910    -0.262681    0.136237   -0.014109
            48   14       9.524770      4.127070      6.859600    -0.620483   -0.929003   -0.033564
            49   14      -0.023463      5.351630      5.463980     0.288247    0.548994   -0.832904
            50   14       0.073682      8.085650      8.122070    -1.073730   -0.093382    0.504614
            51   14       2.760930      5.401790      8.192060    -0.222689   -0.023792   -1.184850
            52   14       2.715110      8.119800      5.435020    -0.703734    0.181181    0.053885
            53   14       1.321750      6.733650      6.748290     1.403200   -0.413403    0.475259
            54   14       1.277480      9.480730      9.508780     1.491050   -0.375096   -0.379167
            55   14       4.132090      6.745940      9.512850    -0.188569    0.658979   -0.222578
            56   14       4.040870      9.452660      6.827340     0.355465    0.991572   -0.221301
            57   14       5.475010      5.550800      5.501270    -0.803697   -1.804120   -1.487130
            58   14       5.464050      8.220480      8.207750     0.223719   -1.400560   -0.441037
            59   14       8.095550      5.442510      8.132770     0.383967   -0.242996    0.641734
            60   14       8.191610      8.234210      5.486440    -0.179092   -0.625276   -0.384029
            61   14       6.831260      6.804550      6.778990    -0.100631    1.692010    0.965602
            62   14       6.827970      9.488630      9.602220     0.260513   -0.247411   -0.698280
            63   14       9.497540      6.769320      9.491440     0.147186    0.310905   -0.169001
            64   14       9.575000      9.477770      6.862160    -1.106440    0.573043    0.545832
 Energy
          0.000000000000
 Feature   ID	5
 Feature   MV_grade	1.000000
END_CFG

BEGIN_CFG
 Size
    64
 Supercell
        10.860000      0.000000      0.000000
         0.000000     10.860000      0.000000
         0.000000      0.000000     10.860000
 AtomData:  id type       cartes_x      cartes_y      cartes_z           fx          fy          fz
             1   14      -0.013564     -0.068949      0.074127    -0.930780    1.309690    0.095405
             2   14       0.004135      2.707520      2.684540     0.467895   -0.245973    1.180410
             3   14       2.719660      0.060230      2.783320     0.030998   -0.801851   -0.176465
             4   14       2.772360      2.754180      0.006893    -1.724130   -0.737204    0.026842
             5   14       1.326320      1.300720      1.379010     0.916193    1.045420   -0.471085
             6   14       1.411270      4.045500      4.107280    -1.349460    0.634607   -0.423103
             7   14       4.147400      1.395580      4.079300    -0.305917   -0.277601    0.428954
             8   14       4.055230      4.079190      1.375210     0.164770    0.193640    0.012986
             9   14       5.412500      0.115079     -0.054687    -0.542376   -1.636720   -0.112897
            10   14       5.427640      2.666160      2.604270     0.719979    0.040123    0.298483
            11   14       8.054690      0.019191      2.656250     0.777638   -0.954755    0.320076
            12   14       8.201440      2.746610      0.021761     0.833427   -0.710387   -0.009952
            13   14       6.823530      1.327360      1.220530    -0.391555    1.087800    1.034580
            14   14       6.834720      3.976190      3.984190    -0.620539    1.092300    0.665298
            15   14       9.467640      1.317600      3.985740     0.356277    0.349195    0.720959
            16   14       9.510110      4.079360      1.470100     0.279863    0.626498   -1.731480
            17   14       0.027264      5.491710      0.055435    -0.541076   -0.771754   -0.358421
            18   14       0.028136      8.204480      2.660990    -0.529266   -1.500500    0.720731
            19   14       2.702990      5.415810      2.735560     0.320885    0.260299    0.168905
            20   14       2.763800      8.160490     -0.041941    -0.058991    0.298064    0.538395
            21   14       1.410970      6.836110      1.389350     0.089536   -0.063901   -0.547793
            22   14       1.374350      9.413310      4.043510    -0.228233    1.980500    0.115488
            23   14       4.059610      6.763050      4.119790     0.192338   -0.245894   -0.143491
            24   14       4.079770      9.564030      1.390810    -0.154810    0.296974   -0.716751
            25   14       5.388200      5.382070     -0.012491     0.218325   -0.082525   -0.219037
            26   14       5.366460      8.141460      2.716270     1.332530   -0.438863   -0.033175
            27   14       8.154270      5.483690      2.684200    -0.676290   -0.668041    0.284947
            28   14       8.222260      8.221910      0.026897    -1.172520   -2.046280   -0.926053
            29   14       6.768340      6.741190      1.240230     0.113104    1.334470    1.232650
            30   14       6.852640      9.450690      4.113420    -1.352720    0.440213   -0.750748
            31   14       9.542580      6.743360      4.043210     0.384177    0.945421   -0.335555
            32   14       9.467970      9.461370      1.381730     0.354878    1.429430    0.639993
            33   14      -0.022994     -0.044152      5.391370    -0.108306   -0.044208   -0.168002
            34   14      -0.106767      2.641270      8.100070     1.203690    0.821481    0.387614
            35   14       2.620590     -0.031618      8.194260     0.901790    0.635512   -0.531440
            36   14       2.744500      2.757460      5.424410     0.155771   -1.251070    1.076350
            37   14       1.309010      1.306750      6.811890     0.365823    0.575205   -1.074150
            38   14       1.290940      4.021300      9.489640    -0.024836    0.369194    0.109262
            39   14       4.012340      1.406300      9.445210     0.330746   -0.442203    0.125217
            40   14       4.085850      4.091150      6.837650    -0.375706   -0.582865    0.346855
            41   14       5.472260     -0.003683      5.489760    -0.356521   -0.402575   -0.299411
            42   14       5.488230      2.668950      8.165000    -0.711692    1.030970    0.170262
            43   14       8.147450      0.002173      8.198060    -0.382003   -0.033741   -0.201571
            44   14       8.188390      2.715280      5.436850    -0.077867   -0.337215   -0.212354
            45   14       6.818140      1.365320      6.835470     0.453038   -0.259452   -0.507472
            46   14       6.810830      4.011800      9.598770    -0.393450    0.577202   -1.266400
            47   14       9.540270      1.310970      9.492200    -0.559659    0.054319    1.255050
            48   14       9.491540      4.118950      6.823150     0.386014   -0.358663   -1.069620
            49   14       0.040965      5.503990      5.465200    -0.717861   -1.786720   -0.926931
            50   14       0.060285      8.303370      8.181060    -1.115100   -1.369660   -0.765677
            51   14       2.590170      5.453670      8.094520     0.950159   -0.041775    0.459437
            52   14       2.693120      8.170120      5.398180     0.569783   -0.755464    0.153044
            53   14       1.319230      6.857800      6.693060     0.351868    0.882822    1.848580
            54   14       1.320490      9.610660      9.607480     1.000760   -1.680550   -0.400529
            55   14       4.117950      6.756910      9.460240    -0.907293    0.115471   -0.369114
            56   14       3.994150      9.471020      6.804260     0.793679    0.711084    0.241462
            57   14       5.435880      5.358640      5.484010     0.729896    0.468976   -1.234530
            58   14       5.471440      8.169290      8.138840    -0.348342    0.144512    0.287688
            59   14       8.099310      5.375230      8.123870    -0.240776    0.924609    0.867455
            60   14       8.162710      8.053100      5.389990     0.516586    0.663080    0.469219
            61   14       6.787460      6.826950      6.771110    -0.107400   -1.175580    0.180933
            62   14       6.823760      9.509650      9.572180    -0.678685    0.452533   -0.579718
            63   14       9.497760      6.793950      9.452780     0.482283    0.470158    0.316306
            64   14       9.410040      9.531160      6.784650     0.939468   -0.557786   -0.216903
 Energy
          0.000000000000
 Feature   ID	6
 Feature   MV_grade	1.000000
END_CFG

BEGIN_CFG
 Size
    64
 Supercell
        10.860000      0.000000      0.000000
         0.000000     10.860000      0.000000
         0.000000      0.000000     10.860000
 AtomData:  id type       cartes_x      cartes_y      cartes_z           fx          fy          fz
             1   14       0.017576      0.020244     -0.065851     0.678653   -0.526668    0.245898
             2   14       0.026865      2.707770      2.690920    -0.196628    0.185018    0.645651
             3   14       2.687060     -0.027352      2.633940    -0.304206   -0.408618   -0.001829
             4   14       2.749930      2.677880     -0.043507    -0.088251    0.490982    0.417190
             5   14       1.331390      1.356980      1.300010     0.551914    0.032856    0.105153
             6   14       1.327860      4.101140      4.146590     1.069530   -1.621720   -1.556810
             7   14       4.058610      1.328100      3.920080    -0.380339    0.024159    1.582190
             8   14       4.103550      4.088890      1.332010    -1.187560    0.133056   -0.344827
             9   14       5.456690     -0.104901     -0.021601     0.119094    0.873203    0.434099
            10   14       5.375050      2.715750      2.654690     0.400792    0.083831    0.173163
            11   14       8.103020     -0.002688      2.724790     0.986020    0.398297    0.137955
            12   14       8.154950      2.685850     -0.029024    -0.692727    0.646200    0.757575
            13   14       6.747770      1.358000      1.403840     0.303377   -0.415460   -1.316270
            14   14       6.722590      4.036170      4.006280     0.910710    0.372558    1.124240
            15   14       9.542960      1.341510      4.100790    -0.256492    0.088461   -1.079750
            16   14       9.512270      4.066630      1.351330    -0.858699   -0.574968    0.594580
            17   14       0.015054      5.307610      0.035924    -0.058744    1.231200   -0.825540
            18   14      -0.014664      8.161570      2.658440    -0.398864   -0.146388   -0.019943
            19   14       2.649410      5.410250      2.673210     0.655497    0.569525    0.704508
            20   14       2.736900      8.117450     -0.066157    -0.159719   -0.713424    0.511982
            21   14       1.298570      6.764260      1.285270     0.778040    0.258521    0.382056
            22   14       1.329680      9.480160      4.060960     0.027825    0.733892   -0.113113
            23   14       4.028060      6.836060      4.127050    -0.078930   -0.235606   -0.425590
            24   14       4.051380      9.445650      1.301310     0.578537    0.023850    0.841646
            25   14       5.365220      5.530020     -0.000176     0.417169    0.160524    0.401016
            26   14       5.499350      8.209420      2.797170    -0.880587   -0.156602   -0.313931
            27   14       8.129180      5.466980      2.708680    -0.458497   -0.953335   -0.575207
            28   14       8.178690      8.062090     -0.017662     0.529937    1.321660    0.621038
            29   14       6.804430      6.854030      1.359920    -0.611916   -0.588187    0.372180
            30   14       6.816490      9.593280      4.187730    -0.520189   -0.339690   -1.202450
            31   14       9.456490      6.779750      4.020890     0.555053    0.826454    0.829879
            32   14       9.516770      9.581390      1.275590    -0.640074   -0.956278    0.664541
            33   14       0.003277      0.025630      5.445960     0.170817   -0.530328    0.760396
            34   14      -0.083105      2.710060      8.165310     0.924151    1.245710   -0.073680
            35   14       2.666690     -0.060342      8.180170     0.844998    1.154880   -0.713762
            36   14       2.708440      2.635170      5.440560     0.521113    1.052990   -0.403258
            37   14       1.322690      1.444030      6.858120     0.137156   -1.729810   -0.300858
            38   14       1.362360      4.058130      9.499110    -0.242238   -0.925192    0.098954
            39   14       4.102360      1.307380      9.509190    -0.347116   -0.986728   -0.013685
            40   14       4.083540      4.044880      6.836490    -0.170903   -0.871455    0.052820
            41   14       5.415190      0.057068      5.420730     0.324834    1.012330   -0.100178
            42   14       5.471740      2.577200      8.169460    -0.145938    2.298900    0.112210
            43   14       8.191910      0.023160      8.205020    -0.664553    0.326396   -0.260002
            44   14       8.241510      2.714050      5.430680    -1.281310    0.818336   -0.774469
            45   14       6.863120      1.419050      6.756010    -0.060171   -1.416700    0.307225
            46   14       6.704180      4.158720      9.575320     1.035550   -1.114830   -1.149350
            47   14       9.565540      1.374600      9.528270    -1.122240   -0.266860   -0.243303
            48   14       9.472230      4.108340      6.805200     0.312963   -0.163433    0.025453
            49   14      -0.031010      5.357570      5.364700    -0.935907    1.587750    1.038920
            50   14      -0.032746      8.118050      8.188950     0.732413    0.163166   -0.849857
            51   14       2.702660      5.398920      8.200900     0.116241    0.462835   -1.243420
            52   14       2.658640      8.234360      5.511240     0.534941   -0.881128   -0.469793
            53   14       1.314680      6.723620      6.753120     0.006831    0.355260    0.717981
            54   14       1.400640      9.442350      9.511090    -1.174750    0.305435   -0.152599
            55   14       4.101780      6.837700      9.395770    -0.598456   -0.602950    0.969079
            56   14       4.140620      9.571630      6.771860    -0.596849   -0.815220    1.004990
            57   14       5.400960      5.415810      5.474360     0.746101    0.602316   -0.079885
            58   14       5.504680      8.128430      8.156660    -0.409082    1.463130   -0.515455
            59   14       8.167910      5.490010      8.167650    -0.110270   -0.526220    0.950382
            60   14       8.122940      8.223950      5.437300     0.795471   -1.124140    0.326791
            61   14       6.855180      6.848400      6.864100    -0.632630   -0.865787   -1.655380
            62   14       6.874130      9.439110      9.528030    -0.326294    0.349970   -0.388357
            63   14       9.577940      6.786530      9.565860    -0.343244   -1.273630   -0.228500
            64   14       9.450160      9.516520      6.849380     1.168650    0.077712   -0.520689
 Energy
          0.000000000000
 Feature   ID	7
 Feature   MV_grade	1.000000
END_CFG

BEGIN_CFG
 Size
    64
 Supercell
        10.860000      0.000000      0.000000
         0.000000     10.860000      0.000000
         0.000000      0.000000     10.860000
 AtomData:  id type       cartes_x      cartes_y      cartes_z           fx          fy          fz
             1   14      -0.013298      0.017508      0.053661     0.026562   -0.224525   -0.845268
             2   14      -0.060393      2.679410      2.643850     0.619939    0.185647    1.695790
             3   14       2.775920     -0.035276      2.759260    -0.339070   -0.104424   -1.360730
             4   14       2.687530      2.714250     -0.067414    -0.321360   -0.212887    0.694345
             5   14       1.325800      1.288920      1.403470     1.233480    0.791958   -0.439304
             6   14       1.382050      4.047070      4.060760    -0.789358    0.031904   -0.322669
             7   14       4.026480      1.344370      4.084910     0.096310    0.732822    0.560297
             8   14       4.084820      4.076030      1.324030    -0.465250   -0.290077   -0.049974
             9   14       5.435150      0.019616      0.003482    -0.426512   -0.969257   -0.579886
            10   14       5.372400      2.675810      2.718410     0.459934   -0.199814   -1.035970
            11   14       8.150460     -0.012844      2.661950     0.225013    0.086276    0.521180
            12   14       8.186910      2.709680      0.019723    -0.169710    0.759547    0.015905
            13   14       6.821830      1.333510      1.296180    -0.599488    0.611614    1.061480
            14   14       6.699350      4.115530      3.956000     0.831601   -0.099769    1.130610
            15   14       9.470440      1.344640      4.124560    -0.219561    0.519880   -0.880767
            16   14       9.528880      4.118840      1.380290    -1.101720   -0.117579   -0.087369
            17   14       0.045489      5.362070      0.024199    -0.359810    0.873769   -0.290235
            18   14       0.034461      8.239300      2.728640    -1.103920   -1.783670   -0.989980
            19   14       2.742420      5.429400      2.708650     0.159254    0.254647    0.392507
            20   14       2.744900      8.114510     -0.028917    -0.469955   -0.474098    0.718362
            21   14       1.348660      6.762600      1.357640     0.346551    0.594456    0.175844
            22   14       1.380610      9.511800      3.987140    -0.080470    0.736709    0.350357
            23   14       4.074780      6.848100      4.138580    -0.733959   -0.435316    0.127044
            24   14       4.082190      9.391210      1.375140     0.419621    1.450200   -0.153938
            25   14       5.420740      5.484390      0.014483    -0.362381   -0.862411   -0.777882
            26   14       5.459960      8.156860      2.779670    -0.369235    0.010777    0.168835
            27   14       8.111440      5.541930      2.701680     0.069926   -1.440600   -0.277619
            28   14       8.147240      8.116160      0.068486    -0.653753   -0.686203   -0.550524
            29   14       6.682540      6.781310      1.395090     1.164020    0.923603   -0.240261
            30   14       6.818660      9.542300      4.095150    -0.680937    0.539140   -0.311071
            31   14       9.463630      6.806590      4.060750     1.011930    0.733062    0.271481
            32   14       9.487140      9.481540      1.294380     0.438113    0.423626    1.255360
            33   14       0.093351     -0.015745      5.317620    -1.661110   -0.100161    0.998396
            34   14      -0.088644      2.636270      8.120000     1.048470    1.033940   -0.127886
            35   14       2.724020     -0.060749      8.082820    -0.335158    0.734400    0.399254
            36   14       2.653190      2.698760      5.488970     0.604240   -0.239023   -0.713014
            37   14       1.278190      1.332930      6.767020     0.838267   -0.479191    0.453990
            38   14       1.293550      4.068940      9.431640     0.435482   -0.821329   -0.103475
            39   14       4.069750      1.381700      9.430380    -0.162669   -0.955065    0.537497
            40   14       4.140250      3.978310      6.766910    -0.866942    0.108923    0.502309
            41   14       5.436910      0.101967      5.440240     0.671367   -0.637202    0.053566
            42   14       5.477980      2.679620      8.158270     0.021203    0.803132    0.306694
            43   14       8.260270      0.030795      8.232550    -1.292720   -0.407016   -1.070840
            44   14       8.077850      2.805980      5.447680     0.057083   -0.628356   -0.998419
            45   14       6.849280      1.404910      6.859230     0.119694   -0.846641   -0.393730
            46   14       6.804420      4.072990      9.537550     0.088156    0.257812   -0.084308
            47   14       9.525930      1.400290      9.527300     0.184896   -0.678195    0.969017
            48   14       9.495590      4.029570      6.780570     0.276961    0.984875   -0.057047
            49   14       0.014130      5.446650      5.431040    -0.612796   -0.658423   -0.495547
            50   14       0.003644      8.181490      8.244840    -0.167061   -0.202594   -1.182920
            51   14       2.721730      5.350020      8.071620     0.234140    0.408454    0.286857
            52   14       2.563360      8.261700      5.417650     1.711860   -1.826390    0.226955
            53   14       1.350020      6.757370      6.780060    -0.284606    1.000380    0.650613
            54   14       1.400510      9.524120      9.602580    -0.326845    0.233388   -0.943867
            55   14       4.041880      6.777590      9.457460     0.395507   -0.346792   -0.223328
            56   14       4.080540      9.505630      6.679860     0.403194   -0.127301    1.099230
            57   14       5.410440      5.367200      5.467650     0.652657    1.459020   -0.325927
            58   14       5.468980      8.165860      8.182000    -0.654907    0.102042   -0.859070
            59   14       8.228520      5.424660      8.183210    -0.805125   -0.043454   -0.169006
            60   14       8.111270      8.172110      5.405030     0.295330   -0.387908    0.284199
            61   14       6.837390      6.821720      6.829180    -0.438754   -0.972704   -0.251692
            62   14       6.863170      9.474290      9.517270    -0.350765    0.754937    0.465327
            63   14       9.521770      6.765040      9.579040     0.335835    0.122284    0.074294
            64   14       9.451590      9.530850      6.718860     1.729320   -0.004850    0.745922
 Energy
          0.000000000000
 Feature   ID	8
 Feature   MV_grade	1.000000
END_CFG

BEGIN_CFG
 Size
    64
 Supercell
        10.860000      0.000000      0.000000
         0.000000     10.860000      0.000000
         0.000000      0.000000     10.860000
 AtomData:  id type       cartes_x      cartes_y      cartes_z           fx          fy          fz
             1   14      -0.035732     -0.048641      0.036577     0.793192    0.908854   -0.300932
             2   14       0.032375      2.801920      2.721660    -0.265194   -1.149100    0.314391
             3   14       2.728360      0.041656      2.691010    -0.129198   -0.461655    0.243195
             4   14       2.622670      2.732790     -0.062570     1.067950   -0.155202    0.448187
             5   14       1.360010      1.393120      1.373560    -0.623361   -0.230526   -0.357679
             6   14       1.447470      3.991180      4.147320    -0.197830    1.551600   -0.489752
             7   14       4.097190      1.290740      4.093190     0.324114    0.649579   -1.399740
             8   14       4.085080      4.114980      1.250840    -0.255547   -0.139790    0.368990
             9   14       5.488910     -0.071893     -0.035703    -0.927706   -0.276484    0.116141
            10   14       5.382790      2.750860      2.697040     0.595096   -0.428191    0.018303
            11   14       8.129990     -0.039943      2.644920    -0.098880    0.022763    0.872879
            12   14       8.119540      2.783290     -0.002318    -0.296703   -0.859711    0.552991
            13   14       6.729790      1.293680      1.321180     0.654608    1.390400    0.250521
            14   14       6.864340      4.090420      4.053600    -0.341514   -0.922699   -0.388927
            15   14       9.474220      1.354120      4.031410     0.610494   -0.024218   -0.859342
            16   14       9.539000      4.080970      1.334290     0.083530    0.411338   -0.323048
            17   14       0.063105      5.434370     -0.023104    -0.717109    0.056254    0.562477
            18   14      -0.003740      8.162820      2.652810     1.159860   -0.930061    0.516563
            19   14       2.797840      5.457300      2.704160    -0.899555   -0.775817    0.153810
            20   14       2.741520      8.123180     -0.019861     0.438689    0.843208   -0.056050
            21   14       1.427690      6.788680      1.286130    -0.534651   -0.127806    1.190170
            22   14       1.353320      9.522910      4.021850    -0.604340    0.644777    0.381757
            23   14       4.082550      6.769760      4.128110     0.004233    0.008934    0.337697
            24   14       4.074830      9.497280      1.402460    -0.186701    0.194129   -1.092030
            25   14       5.451390      5.580590      0.004523    -0.345502   -1.296670   -0.420389
            26   14       5.348110      8.178190      2.778840     0.875381   -0.349469    0.204119
            27   14       8.163680      5.432540      2.626770    -0.163670    0.412452    0.686840
            28   14       8.133720      8.189780      0.019887     0.057810   -0.642901    0.627778
            29   14       6.733860      6.843940      1.407310     0.647545    0.638356   -0.030133
            30   14       6.743620      9.522770      4.114380     0.634435   -0.075359   -0.242300
            31   14       9.481670      6.829660      4.004520     0.298516   -0.400407    0.014953
            32   14       9.543970      9.451460      1.373490    -1.125090    0.731476   -0.494706
            33   14      -0.041474      0.075840      5.443070     0.026159   -1.372380   -0.527892
            34   14      -0.055247      2.771040      8.153880    -0.023582   -1.579490    0.764023
            35   14       2.613090      0.000289      8.122340     1.087760    0.423299    0.362003
            36   14       2.784790      2.534030      5.416930    -1.443050    1.088630    0.959125
            37   14       1.243940      1.388470      6.820520     0.997217   -0.036928   -0.262871
            38   14       1.270780      4.056590      9.466950     0.581639    0.189890    0.240472
            39   14       4.059140      1.302360      9.549160    -0.240768    0.319717   -0.794663
            40   14       4.003820      3.974800      6.774770     0.929960    0.260443    0.389811
            41   14       5.435060      0.079822      5.448510     0.542962   -1.252250    0.542766
            42   14       5.457620      2.708350      8.186540    -0.224980   -0.544974   -0.404737
            43   14       8.136720     -0.006959      8.181480     1.227000    0.210599   -0.327088
            44   14       8.182290      2.637890      5.399310    -0.340427    0.993887    0.331230
            45   14       6.881570      1.311260      6.788310    -1.211970    0.965914    0.373107
            46   14       6.765530      4.134760      9.529020     0.091997    0.244348   -0.249477
            47   14       9.468590      1.379970      9.555950     0.267435   -0.135138   -0.333935
            48   14       9.482000      3.984510      6.846570    -0.089393    1.606900   -1.994020
            49   14      -0.029085      5.501060      5.419100     0.069661   -1.599040    0.213249
            50   14       0.024602      8.121520      8.198120    -0.520784    0.521277   -0.048953
            51   14       2.647760      5.354310      8.163400     0.690839    0.746196   -0.586554
            52   14       2.654830      8.176440      5.411850     1.009590    0.007526    0.777513
            53   14       1.328280      6.801390      6.814100     0.379964   -0.244409   -0.199489
            54   14       1.381780      9.500310      9.512290    -0.590873   -0.201937    0.404352
            55   14       4.068320      6.796700      9.465530    -0.298416   -0.165841   -0.403974
            56   14       4.111330      9.559380      6.830670    -1.062710   -0.317179   -0.965551
            57   14       5.469660      5.320480      5.438710    -0.473434    0.963243    0.480433
            58   14       5.437400      8.133620      8.103250     0.400016    0.258973    0.597404
            59   14       8.179930      5.409940      8.129880     0.001454    0.626652    1.138960
            60   14       8.194460      8.142420      5.434730    -0.901430    0.248207   -0.056037
            61   14       6.816720      6.774110      6.803000    -0.065080   -0.378832   -0.735424
            62   14       6.878130      9.484800      9.457770    -1.484030   -0.490758    0.204222
            63   14       9.520310      6.829940      9.611800    -0.306409   -0.780447   -1.299200
            64   14       9.504200      9.496070      6.824220     0.440774    0.205852    0.004473
 Energy
          0.000000000000
 Feature   ID	9
 Feature   MV_grade	1.000000
END_CFG

